Building Distance Transform...19.182s (CPU)
Compiling Vertex shader : Shaders\iter.vert
Compiling Geometry shader : Shaders\iter.geom
Compiling fragment shader : Shaders\iter.frag
Linking program
Compiling vertex shader : Shaders\main.vert
Compiling fragment shader : Shaders\main.frag
Linking program
Compiling vertex shader : Shaders\depth.vert
Compiling fragment shader : Shaders\depth.frag
Linking program
Compiling vertex shader : Shaders\show.vert
Compiling fragment shader : Shaders\show.frag
Linking program
Compiling vertex shader : Shaders\show2.vert
Compiling fragment shader : Shaders\show2.frag
Linking program
1487843352 Triggered Frames
GL Frame 0
1487843352 Triggered Frames normally
Registering...
Error*: 21392.7 (Init)
0.997974 0.0542414 0.0332618 312.846
-0.0560606 0.99683 0.0564485 152.344
-0.0300945 -0.0581988 0.997851 867.941
-0 0 -0 1
GL Frame 1
1487843353 Triggered Frames normally
Registering...
Error*: 21338.1 (Init)
0.998251 0.0489864 0.0331058 310.694
-0.0508045 0.997109 0.0565117 154.251
-0.0302418 -0.0580947 0.997853 868.011
-0 0 -0 1
GL Frame 2
1487843353 Triggered Frames normally
Registering...
Error*: 21441 (Init)
0.998128 0.0524743 0.0314048 308.658
-0.0540879 0.997131 0.0529504 146.646
-0.0285362 -0.0545499 0.998103 870.491
-0 0 -0 1
GL Frame 3
1487843354 Triggered Frames normally
Registering...
Error*: 21339.5 (Init)
0.99799 0.0543708 0.0325607 311.04
-0.0561314 0.99686 0.0558478 150.412
-0.0294219 -0.0575633 0.997908 868.635
-0 0 -0 1
GL Frame 4
1487843354 Triggered Frames normally
Registering...
Error*: 21377.5 (Init)
0.997962 0.0550476 0.0322863 310.585
-0.0567232 0.996955 0.0535097 146.088
-0.0292424 -0.055232 0.998045 869.716
-0 0 -0 1
GL Frame 5
1487843355 Triggered Frames normally
Registering...
Error*: 21409.3 (Init)
0.997993 0.0548461 0.0316357 308.955
-0.0565135 0.996915 0.0544689 148.646
-0.0285507 -0.0561474 0.998014 869.856
-0 0 -0 1
GL Frame 6
1487843355 Triggered Frames normally
Registering...
Error*: 21360.6 (Init)
0.998072 0.0528252 0.0326008 310.916
-0.0546045 0.996917 0.0563425 152.369
-0.029524 -0.058014 0.997879 868.488
-0 0 -0 1
GL Frame 7
1487843356 Triggered Frames normally
Registering...
Error*: 21322.7 (Init)
0.998047 0.0543891 0.0307082 308.212
-0.0559954 0.996963 0.054127 147.671
-0.027671 -0.0557409 0.998062 870.447
-0 0 -0 1
GL Frame 8
1487843356 Triggered Frames normally
Registering...
Error*: 21284.5 (Init)
0.99811 0.0517131 0.0332108 311.714
-0.0535349 0.996964 0.0565353 152.743
-0.0301864 -0.0582064 0.997848 867.958
-0 0 -0 1
GL Frame 9
1487843357 Triggered Frames normally
Registering...
Error*: 21408.7 (Init)
0.998025 0.0540809 0.0319598 309.862
-0.0557673 0.996957 0.0544707 148.749
-0.0289168 -0.0561454 0.998004 869.573
-0 0 -0 1
GL Frame 10
1487843357 Triggered Frames normally
Registering...
Error*: 21512.6 (Init)
0.998103 0.053169 0.0310347 308.61
-0.0547667 0.997085 0.0531265 146.98
-0.0281195 -0.0547254 0.998105 870.61
-0 0 -0 1
GL Frame 11
1487843358 Triggered Frames normally
Registering...
Error*: 21368.8 (Init)
0.997923 0.0558545 0.0320941 311.003
-0.0575465 0.996856 0.0544673 147.623
-0.0289509 -0.0562011 0.998 869.307
-0 0 -0 1
GL Frame 12
1487843358 Triggered Frames normally
Registering...
Error*: 21354.2 (Init)
0.997965 0.0550485 0.0321669 310.035
-0.0567458 0.996901 0.0544796 148.098
-0.0290682 -0.0561941 0.997997 869.378
-0 0 -0 1
GL Frame 13
1487843359 Triggered Frames normally
Registering...
Error*: 21416 (Init)
0.998174 0.0514594 0.0316344 307.742
-0.0531426 0.997077 0.0548945 150.507
-0.0287171 -0.0564754 0.997991 869.632
-0 0 -0 1
GL Frame 14
1487843359 Triggered Frames normally
Registering...
Error*: 21430.9 (Init)
0.997927 0.0552436 0.0330295 312.702
-0.057009 0.99685 0.0551396 149.148
-0.0298793 -0.0569082 0.997932 868.433
-0 0 -0 1
GL Frame 15
1487843359 Triggered Frames normally
Registering...
Error*: 21330.1 (Init)
0.997967 0.0552107 0.0318263 310.325
-0.0568728 0.996924 0.0539302 147.423
-0.0287508 -0.0556306 0.998037 869.883
-0 0 -0 1
GL Frame 16
1487843360 Triggered Frames normally
Registering...
Error*: 21356.3 (Init)
0.998078 0.0526156 0.0327374 310.456
-0.0544047 0.996925 0.0563998 152.754
-0.0296692 -0.0580725 0.997871 868.203
-0 0 -0 1
GL Frame 17
1487843360 Triggered Frames normally
Registering...
Error*: 21270.4 (Init)
0.998065 0.0531017 0.03235 311.339
-0.0548484 0.996938 0.0557412 151.185
-0.0292909 -0.0574077 0.997921 868.715
-0 0 -0 1
GL Frame 18
1487843361 Triggered Frames normally
Registering...
Error*: 21451.9 (Init)
0.998205 0.049966 0.0330274 310.852
-0.0517957 0.997025 0.0570833 154.932
-0.0300769 -0.0586915 0.997823 867.782
-0 0 -0 1
GL Frame 19
1487843361 Triggered Frames normally
Registering...
Error*: 21416.3 (Init)
0.997879 0.0568448 0.0317126 310.724
-0.0585282 0.996772 0.0549544 148.558
-0.0284864 -0.056694 0.997985 869.688
-0 0 -0 1
GL Frame 20
1487843362 Triggered Frames normally
Registering...
Error*: 21331.2 (Init)
0.99799 0.0546899 0.0320204 310.336
-0.0563858 0.996909 0.0547026 148.794
-0.0289298 -0.0563981 0.997989 869.496
-0 0 -0 1
GL Frame 21
1487843362 Triggered Frames normally
Registering...
Error*: 21130.9 (Init)
0.997806 0.0572344 0.033269 314.054
-0.0591049 0.99655 0.0582605 153.713
-0.0298197 -0.0600991 0.997747 867.07
-0 0 -0 1
GL Frame 22
1487843363 Triggered Frames normally
Registering...
Error*: 21157 (Init)
0.997631 0.0607323 0.0323042 313.633
-0.0624935 0.996437 0.0566346 149.756
-0.0287495 -0.0585193 0.997872 868.042
-0 0 -0 1
GL Frame 23
1487843363 Triggered Frames normally
Registering...
Error*: 21161.7 (Init)
0.997574 0.0618074 0.0320217 313.83
-0.0635282 0.996416 0.0558452 147.969
-0.0284553 -0.057744 0.997926 868.849
-0 0 -0 1
GL Frame 24
1487843364 Triggered Frames normally
Registering...
Error*: 21135 (Init)
0.997933 0.0553748 0.0326043 311.302
-0.057112 0.996851 0.0550097 148.979
-0.0294555 -0.0567581 0.997953 868.692
-0 0 -0 1
GL Frame 25
1487843364 Triggered Frames normally
Registering...
Error*: 21243.2 (Init)
0.997912 0.0559639 0.0322361 311.323
-0.0576416 0.996892 0.0537081 146.263
-0.0291302 -0.0554541 0.998036 869.515
-0 0 -0 1
GL Frame 26
1487843365 Triggered Frames normally
Registering...
Error*: 21420 (Init)
0.998068 0.0539116 0.0308929 307.625
-0.0554903 0.997065 0.052754 145.301
-0.0279582 -0.0543663 0.99813 871.016
-0 0 -0 1
GL Frame 27
1487843365 Triggered Frames normally
Registering...
Error*: 21283.6 (Init)
0.997963 0.0548595 0.0325744 311.602
-0.0565858 0.996899 0.0546788 147.994
-0.0294737 -0.0564107 0.997973 869.231
-0 0 -0 1
GL Frame 28
1487843366 Triggered Frames normally
Registering...
Error*: 21420.5 (Init)
0.997956 0.0544977 0.0333917 313.077
-0.0563338 0.996797 0.056764 152.788
-0.0301912 -0.058529 0.997829 867.752
-0 0 -0 1
GL Frame 29
1487843366 Triggered Frames normally
Registering...
Error*: 21316.8 (Init)
0.997959 0.0551452 0.0322141 310.393
-0.0568617 0.996863 0.0550496 149.425
-0.0290774 -0.0567689 0.997964 869.142
-0 0 -0 1
GL Frame 30
1487843367 Triggered Frames normally
Registering...
Error*: 21273.9 (Init)
0.99777 0.0580194 0.0330095 312.845
-0.0598208 0.99661 0.0564866 150.963
-0.0296203 -0.0583353 0.997858 868.193
-0 0 -0 1
GL Frame 31
1487843367 Triggered Frames normally
Registering...
Error*: 21213.6 (Init)
0.997746 0.058295 0.033234 314.797
-0.0601286 0.996554 0.0571411 151.478
-0.0297884 -0.0590106 0.997813 867.37
-0 0 -0 1
GL Frame 32
1487843368 Triggered Frames normally
Registering...
Error*: 21211.9 (Init)
0.997889 0.0560816 0.032744 313.129
-0.0579014 0.996661 0.0575614 153.639
-0.0294065 -0.0593358 0.997805 867.755
-0 0 -0 1
GL Frame 33
1487843368 Triggered Frames normally
Registering...
Error*: 21198.3 (Init)
0.997963 0.0548261 0.0326259 312.257
-0.0566098 0.996795 0.0565216 152.037
-0.0294225 -0.0582534 0.997868 868.185
-0 0 -0 1
GL Frame 34
1487843369 Triggered Frames normally
Registering...
Error*: 21236 (Init)
0.998088 0.0522774 0.0329727 311.668
-0.0540999 0.996905 0.0570428 153.913
-0.0298886 -0.0587176 0.997827 867.499
-0 0 -0 1
GL Frame 35
1487843369 Triggered Frames normally
Registering...
Error*: 21308.1 (Init)
0.997892 0.0559935 0.0328077 313.065
-0.0578317 0.996637 0.0580535 154.329
-0.0294468 -0.0598284 0.997774 867.266
-0 0 -0 1
GL Frame 36
1487843370 Triggered Frames normally
Registering...
Error*: 21243.1 (Init)
0.997986 0.0542298 0.0329064 312.506
-0.0560137 0.996861 0.0559573 151.069
-0.0297685 -0.0576879 0.997891 868.027
-0 0 -0 1
